4199443631
9824368474
785483705
3492029676
5909767580
1344449302
8400680754
1762544189
9442108615
8116897759
1480743143
641137499
7483656670
390435841
3569599655
2285880110
2534855476
9779211788
2415652263
6783515552
9912674893
9296531976
6956121563
4673280791
4301316408
7318687792
878836911
7265367914
4945328174
3355182127
1676528519
1385892657
5771029883
836794221
9171502446
4431151937
2240332588
4378137719
6461374615
2661513167
9420848511
5289688706
9355603557
8905834464
5401308935
885756988
2071081776
7886475165
370998272
1767861009
4136174861
1980819930
2746330279
2466720330
1311091722
7662508737
9853791581
297077897
6578404407
9604752427
1448258733
7836912247
714901864
8950754976
4347091222
8600856950
8021279469
2921636546
5549773874
1704220989
6273896963
7845616886
7575880740
1359980906
483287084
3274955578
2474673369
4995821474
6866869076
1027489178
442630081
1155902959
9008228654
7036680308
5440440805
8674064091
7404098351
7138844206
233374558
4929368482
690736227
5521766440
8934046663
508483175
2648933546
6391158
5110412998
103121793
3765891057
6387171776
9242747263
1372756377
5176997756
3615747264
6630707271
1886486640
8644646885
3289533457
1112491434
5192601674
88690309
9016255005
9831163204
9019021522
5436928408
8513138018
1452335939
7402509688
9193030519
7558992072
6412828397
2695329879
6246667278
1454061254
455403504
2927050191
3432604147
9258064606
3279748103
736665724
5874282381
293476005
1993779380
7006602695
9810624421
9599363356
3310378686
6586288138
1587083860
1849242411
8465307788
6915158692
9775208409
9379847353
276747352
2428411901
5074225784
7036413036
1982069453
9243854736
2875329282
9771064107
6880439676
927074968
1409568535
4094646238
9842293816
8476540160
1007184511
4834197754
4097404557
2130560832
1916495870
2965383823
4724100834
3033255215
1665813434
3825896440
7772643270
436535401
274484975
8757643271
5121299193
3845684859
5463068881
9489940694
9339240188
7815547008
2248921935
6566343869
9901923037
3013153375
5823462652
7647654889
7312648524
4163335511
8445490463
4689157514
4041737621
8136377014
164734549
3409790504
7165099430
208893060
8909444633
5915753176
3306723600
4141122511
7795416551
4321058164
2043161646
832621384
5083464508
3723657344
6310299293
8555054389
5209027645
9247109717
5630104282
1658652913
6107212485
4384389609
7492595880
3577186406
7923387106
4053474383
3664568184
6150264249
8051661917
8875110429
6356749390
7749331791
1738695108
7203743740
1123797728
1412298504
189162878
842511182
604680091
1467098052
4453540863
1422402096
2833247796
7893349010
7080786938
7035221418
8296384582
5421327153
2753482334
3318290942
7085218536
8837230880
8643212194
5076337746
2864342461
8348684883
4113373140
4790005757
8793450866
1587350942
4203406333
5646796014
115468125
1824138885
8089106365
2872615794
2176478833
8385209433
8948022118
6798170492
2785257956
7515672869
1243682077
489878716
7991385170
968309287
9444449735
196131871
3747221102
2017027861
419507594
1374073201
9720272028
6427040354
6793401990
2670874028
6530632700
2670778351
5723130009
4836762766
1759947640
9799641003
4526022324
8973697516
1465317841
751833795
7956175197
4884164116
2713429108
9437466223
8221822038
6129781709
4397700867
178862330
440862289
5504810274
7272009718
8752276965
8270576290
1768287282
67905074
3916858112
273284302
3191516703
1040436646
6644742837
2463200699
92313566
2675877137
5446174196
3855217856
1468037115
5623008999
882315333
2373297513
1978927659
8586233826
4948882777
4306664379
6299798459
4652052903
5324989004
4894971224
9335958110
7877213513
5400281969
3367538316
2922464488
7701806652
359406548
6018708542
3107168724
8067238900
3872784337
886218970
4383549576
9429696732
7747632955
1841167516
8742992951
6364192642
4612518161
541687980
9732398615
6240779005
4158666198
6196291752
7979756814
7373838392
6236418870
6179362641
2290305721
118321788
7762974841
6624863622
2481720503
8094257252
3868920548
7215722519
3927059852
5333615461
1200639689
9352389196
8283891515
2090936055
8357754307
4614984146
7125022764
2687013992
5096050216
8165616895
995405160
5540304834
1821769702
6776842698
9893084196
2179109838
7900209877
6346287122
436616715
5347621007
1518188433
6506901595
4719476125
3766616766
9584685716
3135151305
3556741478
1582938272
4552990735
3810992987
527391783
841648198
6040512940
955016882
8866363544
8608409778
2310375333
5386933196
1246860243
6752666138
2894958391
1544635446
9203477252
2608334294
5609678456
5943493736
96040260
8521583846
8142087195
706199241
9391083864
7173536708
723417730
2011142953
1761692467
1022958092
8223108177
48726322
5775568116
1698788073
6924696843
5835653467
4693917570
3883078404
5951114597
3063711585
1945058791
3636682742
4237939496
5083890991
3159675635
2831942472
7692556306
5993950562
3189223812
5166078074
5567178646
6499336191
6569478494
5850091879
2866046473
3893254080
6291734434
7372077432
9047039564
7260664590
1955694927
9597612437
9720838796
7728172836
7234702859
7339724911
2607979429
9922039958
8969166752
8697258932
4740802074
4002159428
2338575351
1850609988
8795281033
2676765592
5286010378
1446699689
408416125
4645340229
5166296189
9010704045
3247393933
2076527666
1225841272
5858941312
140350932
27718813
5419916970
9468531169
5815030965
2587230877
457271961
8045862460
2024258113
8655709388
3931450085
7839805912
4184875466
1353313251
8141234389
4315435424
6474985162
4529215935
2585281181
9268605479
5628028193
6816596181
4037075540
3965771884
195923248
4232373236
3375583274
6520978957
1718647899
1048828869
6771069387
5866938120
2040086619
1568977550
7726792898
3287936093
2906854700
4523799814
7506942501
775034279
2083598051
758286422
5368777036
2953908963
3009443854
5816240109
1668530036
3273340862
551261206
386896968
5424925520
6498435235
3702819674
2254106910
4250124617
110197429
1283903683
5175152748
3468811590
9777479764
2479599780
2745812059
475698450
2783744582
8131865509
7389078533
1597531741
4261840220
4745949081
4024564118
6676162940
8704361842
428574480
7056483818
5627183185
6557930664
3367375458
9238038060
9651642069
272919281
8117592651
9348132748
1747398034
7003898758
8946866761
1830530716
6646252820
2575549794
4299148
7111254771
6698432799
7873752457
2566868269
5433703141
4328869264
2525482513
6932310229
4375573219
2484320170
5167729866
5423407482
3743307208
7406703192
8420496495
2599725642
5475898449
6028116896
602480064
6773064770
7527631700
4516236724
5283054969
3999265159
4793518886
607106247
7368921452
328847372
6544681656
8263997500
5575725246
9301231495
7932100958
413977612
4325249700
6292929046
7198490080
4629193048
7191033487
6072124710
8508946619
98951229
8935338542
1517205913
9413749938
5344594943
4917436241
3643970438
2954790640
7694980249
4375720863
1566318722
6162917635
2040398483
4613094558
1866952776
5148034125
8957911784
7901143841
5184855310
248001728
9349634704
1560004147
2383081569
5146111154
640402774
1642929358
9734758132
4116557137
1413859215
1025015824
7043205369
207757311
2072148901
6843888707
638746608
2001637346
1003817307
6002391110
8287483699
1812459811
9452828178
8962869849
127820127
5922992098
2486412249
4796557148
3331459215
5005296889
7272143953
3434330873
9148136927
1685540538
5903915744
4109574756
7058351302
2338898474
5532849624
9321750655
1950892290
4558057095
5522724255
2566543028
5034127646
1688275178
7710376716
5339529747
5344144662
1128290236
5360486952
477521379
4258679426
404615355
4677017024
1341387569
2884426955
259541673
4954128046
6333338765
6584833759
2119225816
3243315833
7720731654
2364581320
6704719939
4645411120
8612014636
400306557
490082936
428489518
2829494633
9869102240
3769702976
8588420472
9083152172
3445077192
3097361435
1840443
